Source,Target,Wins,Loses,Observations
8-BIT,8-BIT,17,3,20
8-BIT,BUSTER,28,16,44
8-BIT,CHARLIE,37,15,52
8-BIT,MEEPLE,63,43,106
8-BIT,MELODIE,44,23,67
ALLI,ALLI,39,21,60
ALLI,AMBER,84,58,142
ALLI,ANGELO,76,56,132
ALLI,BERRY,98,49,147
ALLI,BONNIE,95,55,150
ALLI,CHARLIE,64,33,97
ALLI,CHUCK,74,33,107
ALLI,CLANCY,33,20,53
ALLI,COLETTE,259,192,451
ALLI,CROW,132,98,230
ALLI,DOUG,95,49,144
ALLI,DRACO,66,39,105
ALLI,FINX,70,29,99
ALLI,GRAY,101,53,154
ALLI,GRIFF,98,75,173
ALLI,GROM,155,80,235
ALLI,HANK,71,42,113
ALLI,JAE-YONG,81,35,116
ALLI,JESSIE,98,74,172
ALLI,KAZE,197,89,286
ALLI,KENJI,123,62,185
ALLI,LARRY & LAWRIE,72,46,118
ALLI,LOLA,54,26,80
ALLI,LUMI,74,54,128
ALLI,MANDY,232,183,415
ALLI,MEEPLE,83,45,128
ALLI,MEG,69,46,115
ALLI,MELODIE,82,37,119
ALLI,MICO,71,51,122
ALLI,MOE,52,18,70
ALLI,MR. P,75,44,119
ALLI,NANI,83,60,143
ALLI,OLLIE,38,22,60
ALLI,PEARL,62,23,85
ALLI,PENNY,102,65,167
ALLI,R-T,50,25,75
ALLI,ROSA,33,16,49
ALLI,RUFFS,22,10,32
ALLI,SHADE,152,116,268
ALLI,SQUEAK,164,129,293
ALLI,STU,83,59,142
ALLI,TARA,101,64,165
AMBER,BO,168,116,284
AMBER,BONNIE,74,53,127
AMBER,CARL,90,68,158
AMBER,CHESTER,68,42,110
AMBER,CHUCK,56,36,92
AMBER,COLETTE,184,130,314
AMBER,CORDELIUS,76,55,131
AMBER,CROW,145,97,242
AMBER,DOUG,71,37,108
AMBER,DRACO,52,35,87
AMBER,FINX,33,19,52
AMBER,FRANK,120,85,205
AMBER,JAE-YONG,54,36,90
AMBER,KIT,115,88,203
AMBER,LOU,44,28,72
AMBER,MEG,60,35,95
AMBER,MICO,52,32,84
AMBER,SAM,22,11,33
ANGELO,BONNIE,100,61,161
ANGELO,BUSTER,26,13,39
ANGELO,COLETTE,146,109,255
ANGELO,GRAY,101,62,163
ANGELO,GROM,112,84,196
ANGELO,JUJU,39,21,60
ANGELO,KAZE,72,48,120
ANGELO,MANDY,245,199,444
ANGELO,MR. P,92,55,147
ANGELO,NANI,95,72,167
ASH,BO,75,53,128
ASH,CHARLIE,23,8,31
ASH,CORDELIUS,57,33,90
ASH,DOUG,27,10,37
ASH,EDGAR,92,67,159
ASH,JAE-YONG,20,10,30
ASH,JANET,28,8,36
ASH,KAZE,66,32,98
ASH,KENJI,51,24,75
ASH,KIT,48,25,73
ASH,LILY,44,25,69
ASH,LOU,36,18,54
ASH,MELODIE,22,8,30
ASH,MOE,13,5,18
ASH,SPROUT,23,12,35
ASH,TARA,54,37,91
BEA,BONNIE,167,132,299
BELLE,BONNIE,206,155,361
BELLE,CHESTER,87,65,152
BELLE,CHUCK,73,51,124
BELLE,COLETTE,254,185,439
BELLE,DRACO,77,52,129
BELLE,GRAY,190,155,345
BELLE,GROM,243,190,433
BELLE,JESSIE,176,142,318
BELLE,KAZE,193,122,315
BELLE,SPROUT,92,63,155
BERRY,BERRY,29,16,45
BERRY,BIBI,137,78,215
BERRY,BULL,120,93,213
BERRY,BUZZ,56,37,93
BERRY,CHARLIE,67,44,111
BERRY,CHESTER,60,39,99
BERRY,CHUCK,74,44,118
BERRY,COLETTE,169,123,292
BERRY,DARRYL,105,74,179
BERRY,GRAY,63,42,105
BERRY,HANK,68,48,116
BERRY,KENJI,97,65,162
BERRY,MELODIE,65,37,102
BERRY,R-T,49,28,77
BIBI,CHARLIE,63,42,105
BIBI,CORDELIUS,143,91,234
BIBI,CROW,160,105,265
BIBI,DOUG,132,76,208
BIBI,DRACO,81,54,135
BIBI,FRANK,222,179,401
BIBI,GRIFF,138,104,242
BIBI,GUS,92,68,160
BIBI,JANET,88,38,126
BIBI,KIT,122,95,217
BO,BO,15,4,19
BO,BONNIE,158,120,278
BO,BULL,189,142,331
BO,BUSTER,67,45,112
BO,CHESTER,137,95,232
BO,CLANCY,66,44,110
BO,CORDELIUS,191,131,322
BO,CROW,419,311,730
BO,DARRYL,209,175,384
BO,DOUG,183,98,281
BO,DRACO,119,91,210
BO,FANG,700,583,1283
BO,FINX,53,36,89
BO,GRIFF,275,229,504
BO,JAE-YONG,86,64,150
BO,JANET,95,71,166
BO,KAZE,215,129,344
BO,KENJI,269,212,481
BO,LEON,201,150,351
BO,LILY,379,279,658
BO,MAISIE,91,66,157
BO,MANDY,616,556,1172
BO,MEG,73,42,115
BO,MELODIE,98,73,171
BO,MICO,187,84,271
BO,MR. P,222,183,405
BO,OLLIE,33,18,51
BO,R-T,78,52,130
BO,SAM,35,21,56
BO,SHADE,155,110,265
BO,TARA,235,180,415
BONNIE,BYRON,133,105,238
BONNIE,CARL,157,121,278
BONNIE,CHARLIE,84,56,140
BONNIE,CHESTER,86,48,134
BONNIE,CHUCK,58,33,91
BONNIE,COLETTE,168,114,282
BONNIE,CORDELIUS,131,78,209
BONNIE,CROW,141,82,223
BONNIE,DARRYL,103,76,179
BONNIE,DOUG,60,38,98
BONNIE,FANG,218,175,393
BONNIE,FINX,40,21,61
BONNIE,FRANK,138,98,236
BONNIE,GUS,195,119,314
BONNIE,JAE-YONG,71,42,113
BONNIE,KAZE,150,72,222
BONNIE,KIT,168,114,282
BONNIE,LILY,146,79,225
BONNIE,MAISIE,54,34,88
BONNIE,MANDY,288,200,488
BONNIE,MELODIE,61,32,93
BONNIE,MR. P,84,60,144
BONNIE,OLLIE,39,19,58
BONNIE,OTIS,26,12,38
BONNIE,PIPER,249,197,446
BONNIE,R-T,65,43,108
BONNIE,RICO,107,80,187
BONNIE,SHADE,95,55,150
BONNIE,SPIKE,104,66,170
BONNIE,SPROUT,59,33,92
BONNIE,TARA,122,96,218
BONNIE,TICK,218,161,379
BONNIE,WILLOW,49,28,77
BROCK,BROCK,53,22,75
BROCK,CHARLIE,130,94,224
BROCK,GROM,387,333,720
BULL,COLETTE,236,172,408
BULL,CORDELIUS,123,85,208
BULL,CROW,139,110,249
BULL,DOUG,132,62,194
BULL,DRACO,106,57,163
BULL,DYNAMIKE,285,240,525
BULL,FANG,232,196,428
BULL,JESSIE,159,113,272
BULL,KENJI,146,97,243
BULL,KIT,175,123,298
BULL,LOU,41,22,63
BULL,MICO,94,50,144
BULL,SQUEAK,140,94,234
BULL,TICK,233,186,419
BUSTER,BUZZ,37,23,60
BUSTER,CARL,48,24,72
BUSTER,CORDELIUS,52,23,75
BUSTER,CROW,55,38,93
BUSTER,DOUG,91,22,113
BUSTER,DRACO,20,9,29
BUSTER,FANG,73,47,120
BUSTER,GALE,32,17,49
BUSTER,GROM,50,31,81
BUSTER,JANET,44,26,70
BUSTER,KAZE,67,32,99
BUSTER,KIT,112,27,139
BUSTER,LEON,48,25,73
BUSTER,LUMI,42,20,62
BUSTER,MEG,33,7,40
BUSTER,MORTIS,97,72,169
BUSTER,MR. P,35,17,52
BUSTER,NANI,33,20,53
BUSTER,NITA,34,15,49
BUSTER,OTIS,17,7,24
BUSTER,RICO,69,42,111
BUSTER,SANDY,62,40,102
BUSTER,SPROUT,22,8,30
BUSTER,TICK,58,35,93
BUZZ,CHARLIE,32,17,49
BUZZ,CORDELIUS,85,62,147
BUZZ,DOUG,61,34,95
BUZZ,JANET,60,33,93
BUZZ,KAZE,79,45,124
BUZZ,LOLA,26,11,37
BUZZ,MEEPLE,66,41,107
BUZZ,NITA,84,63,147
BYRON,BYRON,19,4,23
BYRON,COLETTE,309,263,572
BYRON,DRACO,75,52,127
BYRON,FINX,38,14,52
BYRON,GRAY,156,109,265
BYRON,JAE-YONG,78,49,127
BYRON,KAZE,113,86,199
BYRON,MEEPLE,94,66,160
BYRON,MEG,52,34,86
CARL,CORDELIUS,116,90,206
CARL,CROW,189,132,321
CARL,DOUG,103,54,157
CARL,DRACO,93,57,150
CARL,GRAY,122,93,215
CARL,GROM,161,131,292
CARL,JAE-YONG,65,44,109
CARL,KAZE,112,81,193
CARL,LARRY & LAWRIE,67,44,111
CARL,LILY,173,129,302
CARL,MELODIE,80,52,132
CARL,MR. P,124,78,202
CARL,NITA,121,91,212
CARL,STU,165,135,300
CARL,TARA,135,102,237
CARL,TICK,282,233,515
CHARLIE,CHESTER,88,32,120
CHARLIE,COLETTE,89,57,146
CHARLIE,COLT,85,57,142
CHARLIE,CORDELIUS,103,58,161
CHARLIE,DARRYL,81,50,131
CHARLIE,DOUG,56,29,85
CHARLIE,DRACO,63,34,97
CHARLIE,FANG,134,94,228
CHARLIE,FINX,52,17,69
CHARLIE,FRANK,86,61,147
CHARLIE,GRAY,69,44,113
CHARLIE,GRIFF,99,59,158
CHARLIE,GUS,129,93,222
CHARLIE,JANET,68,25,93
CHARLIE,KAZE,128,55,183
CHARLIE,KENJI,109,64,173
CHARLIE,KIT,93,62,155
CHARLIE,LILY,110,53,163
CHARLIE,LOLA,30,9,39
CHARLIE,MEEPLE,54,15,69
CHARLIE,MOE,17,7,24
CHARLIE,MORTIS,163,129,292
CHARLIE,MR. P,50,33,83
CHARLIE,OLLIE,31,11,42
CHARLIE,OTIS,15,5,20
CHARLIE,PEARL,26,12,38
CHARLIE,SANDY,80,35,115
CHARLIE,SHADE,68,46,114
CHARLIE,TARA,115,69,184
CHESTER,CHESTER,11,2,13
CHESTER,CORDELIUS,103,63,166
CHESTER,DOUG,73,50,123
CHESTER,DRACO,72,52,124
CHESTER,FRANK,145,75,220
CHESTER,GRIFF,136,89,225
CHESTER,GROM,108,77,185
CHESTER,JANET,56,32,88
CHESTER,LOU,34,15,49
CHESTER,MR. P,65,41,106
CHESTER,OTIS,19,8,27
CHESTER,R-T,38,20,58
CHESTER,SANDY,108,82,190
CHESTER,SPROUT,37,22,59
CHESTER,TARA,124,64,188
CHUCK,CHUCK,18,1,19
CHUCK,COLETTE,159,129,288
CHUCK,EVE,28,14,42
CHUCK,GRAY,32,16,48
CHUCK,GRIFF,78,49,127
CHUCK,JESSIE,166,102,268
CHUCK,KAZE,69,39,108
CHUCK,KENJI,52,34,86
CHUCK,LOU,25,9,34
CHUCK,MEG,23,10,33
CHUCK,MOE,29,6,35
CHUCK,PEARL,23,12,35
CLANCY,COLETTE,70,48,118
CLANCY,CORDELIUS,41,22,63
CLANCY,CROW,59,36,95
CLANCY,DRACO,45,17,62
CLANCY,GRIFF,53,34,87
CLANCY,JACKY,19,6,25
CLANCY,KAZE,55,24,79
CLANCY,MEG,18,6,24
CLANCY,MELODIE,45,18,63
CLANCY,SANDY,33,20,53
CLANCY,SURGE,42,27,69
COLETTE,COLETTE,193,97,290
COLETTE,CORDELIUS,146,89,235
COLETTE,CROW,335,285,620
COLETTE,DOUG,143,102,245
COLETTE,DRACO,134,64,198
COLETTE,EVE,87,38,125
COLETTE,GRAY,130,98,228
COLETTE,GROM,369,312,681
COLETTE,JANET,81,54,135
COLETTE,KAZE,197,126,323
COLETTE,KENJI,168,134,302
COLETTE,KIT,367,290,657
COLETTE,LARRY & LAWRIE,92,51,143
COLETTE,LILY,283,228,511
COLETTE,LOU,83,58,141
COLETTE,MAISIE,140,108,248
COLETTE,MANDY,933,805,1738
COLETTE,MAX,140,97,237
COLETTE,MEEPLE,104,69,173
COLETTE,MEG,134,59,193
COLETTE,MR. P,336,205,541
COLETTE,NANI,200,151,351
COLETTE,OLLIE,43,16,59
COLETTE,OTIS,59,28,87
COLETTE,PENNY,298,223,521
COLETTE,SHADE,159,120,279
COLETTE,SPIKE,347,272,619
COLETTE,SPROUT,101,74,175
COLETTE,SQUEAK,428,313,741
COLETTE,SURGE,198,140,338
COLETTE,TARA,155,126,281
COLETTE,TICK,766,624,1390
COLT,COLT,30,16,46
CORDELIUS,CROW,209,100,309
CORDELIUS,DARRYL,156,67,223
CORDELIUS,DOUG,83,50,133
CORDELIUS,DRACO,116,74,190
CORDELIUS,EVE,36,22,58
CORDELIUS,FINX,35,19,54
CORDELIUS,FRANK,180,110,290
CORDELIUS,GRIFF,154,100,254
CORDELIUS,GROM,110,64,174
CORDELIUS,HANK,73,36,109
CORDELIUS,JACKY,86,37,123
CORDELIUS,JANET,88,32,120
CORDELIUS,JESSIE,92,59,151
CORDELIUS,KAZE,152,75,227
CORDELIUS,KENJI,166,89,255
CORDELIUS,KIT,196,123,319
CORDELIUS,LARRY & LAWRIE,42,26,68
CORDELIUS,LILY,259,138,397
CORDELIUS,LOLA,37,18,55
CORDELIUS,LOU,77,30,107
CORDELIUS,LUMI,118,70,188
CORDELIUS,MAISIE,66,42,108
CORDELIUS,MANDY,182,145,327
CORDELIUS,MAX,93,59,152
CORDELIUS,MEEPLE,42,26,68
CORDELIUS,MEG,35,20,55
CORDELIUS,MELODIE,98,52,150
CORDELIUS,MICO,120,31,151
CORDELIUS,MR. P,73,51,124
CORDELIUS,OLLIE,50,17,67
CORDELIUS,OTIS,33,20,53
CORDELIUS,R-T,55,33,88
CORDELIUS,SANDY,152,103,255
CORDELIUS,SHADE,117,61,178
CORDELIUS,SHELLY,109,64,173
CORDELIUS,SQUEAK,107,81,188
CORDELIUS,SURGE,140,81,221
CORDELIUS,TARA,144,102,246
CORDELIUS,TICK,252,155,407
CORDELIUS,WILLOW,66,41,107
CROW,DOUG,168,98,266
CROW,DRACO,85,60,145
CROW,FANG,548,460,1008
CROW,GRIFF,202,168,370
CROW,GROM,261,190,451
CROW,GUS,215,170,385
CROW,JAE-YONG,73,49,122
CROW,JANET,103,58,161
CROW,JESSIE,234,180,414
CROW,KAZE,186,115,301
CROW,KENJI,237,186,423
CROW,KIT,246,202,448
CROW,LARRY & LAWRIE,74,46,120
CROW,LILY,256,195,451
CROW,MAX,119,93,212
CROW,MEG,80,55,135
CROW,MICO,130,70,200
CROW,MR. P,158,86,244
CROW,OLLIE,29,13,42
CROW,OTIS,43,25,68
CROW,R-T,61,43,104
CROW,SAM,38,20,58
CROW,SPIKE,277,235,512
CROW,SURGE,163,125,288
CROW,TARA,187,133,320
CROW,WILLOW,71,44,115
DARRYL,FANG,387,326,713
DARRYL,FRANK,245,207,452
DARRYL,GRIFF,194,138,332
DARRYL,JESSIE,157,111,268
DARRYL,KAZE,126,76,202
DARRYL,KIT,416,331,747
DARRYL,LILY,174,128,302
DARRYL,MEG,44,19,63
DARRYL,MR. P,102,62,164
DARRYL,NITA,116,74,190
DARRYL,OLLIE,21,10,31
DARRYL,SHADE,111,81,192
DOUG,DOUG,25,9,34
DOUG,DRACO,69,31,100
DOUG,DYNAMIKE,202,163,365
DOUG,EVE,23,12,35
DOUG,FANG,179,135,314
DOUG,FINX,25,12,37
DOUG,FRANK,166,111,277
DOUG,GALE,53,32,85
DOUG,GENE,45,28,73
DOUG,GRIFF,96,65,161
DOUG,GROM,171,92,263
DOUG,HANK,51,32,83
DOUG,JACKY,58,36,94
DOUG,JANET,61,41,102
DOUG,JESSIE,82,57,139
DOUG,KAZE,126,82,208
DOUG,KENJI,104,72,176
DOUG,KIT,186,103,289
DOUG,LARRY & LAWRIE,34,20,54
DOUG,LEON,75,47,122
DOUG,LILY,123,71,194
DOUG,MAISIE,56,33,89
DOUG,MANDY,181,130,311
DOUG,MEG,46,29,75
DOUG,MICO,120,39,159
DOUG,MORTIS,288,242,530
DOUG,NITA,84,51,135
DOUG,OLLIE,27,15,42
DOUG,PIPER,142,85,227
DOUG,R-T,36,18,54
DOUG,RICO,144,98,242
DOUG,SANDY,83,52,135
DOUG,SHADE,85,60,145
DOUG,SPIKE,107,81,188
DOUG,SQUEAK,118,64,182
DOUG,TARA,100,60,160
DOUG,TICK,220,179,399
DOUG,WILLOW,47,30,77
DRACO,FINX,28,16,44
DRACO,GALE,38,17,55
DRACO,GRAY,80,32,112
DRACO,GRIFF,122,63,185
DRACO,GROM,75,50,125
DRACO,HANK,49,22,71
DRACO,JACKY,42,26,68
DRACO,JANET,49,22,71
DRACO,JESSIE,94,63,157
DRACO,JUJU,50,14,64
DRACO,KAZE,103,63,166
DRACO,KENJI,106,74,180
DRACO,KIT,141,86,227
DRACO,LARRY & LAWRIE,43,19,62
DRACO,LILY,107,70,177
DRACO,LUMI,61,39,100
DRACO,MEEPLE,34,18,52
DRACO,MEG,30,13,43
DRACO,MOE,26,10,36
DRACO,MORTIS,240,189,429
DRACO,MR. P,66,25,91
DRACO,OLLIE,25,11,36
DRACO,OTIS,22,10,32
DRACO,PAM,27,11,38
DRACO,PEARL,23,12,35
DRACO,SANDY,84,48,132
DRACO,SHADE,137,48,185
DRACO,SPIKE,78,57,135
DRACO,STU,103,69,172
DRACO,SURGE,74,50,124
DRACO,TARA,132,66,198
DRACO,WILLOW,50,17,67
DYNAMIKE,DYNAMIKE,64,44,108
EDGAR,JANET,260,168,428
EDGAR,JESSIE,567,506,1073
EDGAR,JUJU,139,98,237
EDGAR,MICO,251,211,462
EDGAR,MR. P,333,278,611
EDGAR,OLLIE,63,37,100
EL PRIMO,EL PRIMO,79,57,136
EL PRIMO,R-T,87,55,142
EMZ,EMZ,22,6,28
EMZ,JAE-YONG,66,38,104
EMZ,KAZE,152,121,273
EMZ,MEEPLE,71,49,120
EMZ,MOE,42,27,69
EVE,GRAY,33,19,52
EVE,GROM,63,29,92
EVE,JANET,23,11,34
EVE,KIT,54,29,83
EVE,LARRY & LAWRIE,19,4,23
EVE,LILY,64,36,100
EVE,LUMI,29,6,35
EVE,MEG,19,7,26
EVE,MELODIE,20,9,29
EVE,MR. P,52,33,85
EVE,PEARL,24,9,33
EVE,R-T,19,8,27
EVE,SHADE,41,23,64
EVE,SPIKE,43,26,69
FANG,FANG,35,16,51
FANG,FRANK,562,501,1063
FANG,GRIFF,407,312,719
FANG,GROM,441,371,812
FANG,HANK,108,70,178
FANG,JAE-YONG,110,80,190
FANG,JANET,144,98,242
FANG,JESSIE,398,316,714
FANG,LILY,484,360,844
FANG,MR. P,291,216,507
FANG,OTIS,60,35,95
FANG,ROSA,80,53,133
FANG,SANDY,697,616,1313
FANG,SHADE,193,159,352
FINX,GRAY,35,15,50
FINX,HANK,26,12,38
FINX,LEON,25,13,38
FINX,MAISIE,29,6,35
FINX,MELODIE,16,6,22
FINX,MORTIS,70,48,118
FINX,MR. P,28,12,40
FINX,PIPER,69,44,113
FINX,SQUEAK,44,26,70
FINX,TICK,57,38,95
FINX,WILLOW,32,10,42
FRANK,FRANK,254,140,394
FRANK,GRAY,101,67,168
FRANK,JANET,98,58,156
FRANK,JESSIE,173,129,302
FRANK,MELODIE,98,72,170
FRANK,MR. P,84,61,145
FRANK,OLLIE,45,24,69
FRANK,PEARL,67,34,101
FRANK,ROSA,59,41,100
FRANK,SAM,55,33,88
FRANK,SANDY,237,186,423
GALE,GALE,8,1,9
GALE,KAZE,68,46,114
GALE,MR. P,46,30,76
GENE,GENE,15,0,15
GENE,SHADE,58,36,94
GRAY,GRIFF,118,78,196
GRAY,GUS,197,158,355
GRAY,JAE-YONG,57,32,89
GRAY,JUJU,28,13,41
GRAY,KAZE,113,85,198
GRAY,KIT,135,107,242
GRAY,LILY,128,101,229
GRAY,MANDY,298,247,545
GRAY,MEEPLE,51,29,80
GRAY,MEG,47,29,76
GRAY,MICO,59,39,98
GRAY,MR. P,110,63,173
GRAY,SHADE,85,53,138
GRAY,SQUEAK,161,109,270
GRAY,TARA,79,57,136
GRAY,TICK,228,173,401
GRAY,WILLOW,48,26,74
GRIFF,GRIFF,65,0,65
GRIFF,JANET,105,48,153
GRIFF,LUMI,117,79,196
GRIFF,MICO,75,38,113
GRIFF,MR. P,120,85,205
GRIFF,R-T,56,32,88
GRIFF,SANDY,136,96,232
GRIFF,SHADE,138,110,248
GRIFF,TARA,173,129,302
GROM,GUS,238,162,400
GROM,JAE-YONG,64,32,96
GROM,JANET,78,50,128
GROM,JUJU,67,39,106
GROM,KAZE,169,135,304
GROM,MAISIE,69,48,117
GROM,MAX,134,105,239
GROM,MICO,106,77,183
GROM,R-T,64,42,106
GROM,SHADE,130,101,231
GROM,SPIKE,255,202,457
GROM,SURGE,124,93,217
GUS,GUS,13,4,17
GUS,JANET,90,62,152
GUS,KAZE,180,107,287
GUS,LEON,191,136,327
GUS,MANDY,461,404,865
GUS,MEEPLE,91,63,154
GUS,MR. P,161,102,263
GUS,SPROUT,115,74,189
GUS,SQUEAK,204,163,367
GUS,WILLOW,44,27,71
HANK,JAE-YONG,54,32,86
HANK,KAZE,89,54,143
HANK,KENJI,64,43,107
HANK,LILY,64,24,88
HANK,LUMI,37,22,59
HANK,MEEPLE,37,18,55
HANK,MOE,21,7,28
HANK,OLLIE,24,13,37
HANK,SANDY,61,42,103
JACKY,KENJI,69,47,116
JACKY,KIT,65,46,111
JACKY,MEG,35,21,56
JACKY,R-T,26,14,40
JACKY,RICO,96,67,163
JACKY,SURGE,67,45,112
JAE-YONG,JANET,33,18,51
JAE-YONG,JUJU,23,10,33
JAE-YONG,KAZE,95,51,146
JAE-YONG,LOLA,29,14,43
JAE-YONG,MEEPLE,52,27,79
JAE-YONG,MICO,32,13,45
JAE-YONG,MOE,17,5,22
JAE-YONG,MR. P,51,27,78
JAE-YONG,OLLIE,63,31,94
JAE-YONG,PEARL,29,14,43
JAE-YONG,SHADE,99,54,153
JAE-YONG,SQUEAK,66,42,108
JAE-YONG,TARA,58,32,90
JANET,JANET,20,7,27
JANET,JESSIE,66,44,110
JANET,KAZE,87,51,138
JANET,KENJI,78,37,115
JANET,KIT,102,69,171
JANET,LARRY & LAWRIE,33,12,45
JANET,LILY,116,57,173
JANET,MAISIE,28,16,44
JANET,MAX,54,32,86
JANET,MEEPLE,62,25,87
JANET,MELODIE,30,16,46
JANET,MICO,40,22,62
JANET,MORTIS,151,109,260
JANET,OLLIE,21,6,27
JANET,SANDY,48,27,75
JANET,SHADE,84,52,136
JANET,SQUEAK,81,46,127
JANET,TARA,78,39,117
JANET,WILLOW,23,10,33
JESSIE,KENJI,167,133,300
JESSIE,MEEPLE,38,22,60
JESSIE,MICO,99,47,146
JESSIE,SPIKE,231,178,409
JESSIE,SURGE,112,69,181
JESSIE,TARA,135,105,240
JUJU,KAZE,62,23,85
JUJU,LEON,41,18,59
JUJU,LOLA,17,5,22
JUJU,MAISIE,25,9,34
JUJU,MORTIS,80,51,131
JUJU,MR. P,33,16,49
JUJU,SHADE,86,34,120
JUJU,TARA,34,15,49
JUJU,TICK,109,71,180
KAZE,KENJI,204,140,344
KAZE,KIT,164,132,296
KAZE,LILY,210,130,340
KAZE,LOLA,45,29,74
KAZE,LOU,58,23,81
KAZE,LUMI,113,59,172
KAZE,MANDY,281,201,482
KAZE,MAX,112,77,189
KAZE,MEEPLE,87,41,128
KAZE,MEG,72,27,99
KAZE,MELODIE,81,42,123
KAZE,MICO,100,43,143
KAZE,MOE,61,29,90
KAZE,MR. P,109,79,188
KAZE,OLLIE,66,24,90
KAZE,OTIS,52,28,80
KAZE,PAM,56,36,92
KAZE,PEARL,69,32,101
KAZE,PIPER,258,209,467
KAZE,R-T,74,42,116
KAZE,RUFFS,33,18,51
KAZE,SAM,50,24,74
KAZE,SHADE,145,101,246
KAZE,SPIKE,136,101,237
KAZE,SPROUT,87,40,127
KAZE,SQUEAK,196,137,333
KAZE,SURGE,119,81,200
KAZE,TARA,148,83,231
KENJI,LARRY & LAWRIE,55,29,84
KENJI,MAISIE,82,55,137
KENJI,MOE,72,40,112
KENJI,MR. P,92,70,162
KENJI,RUFFS,38,19,57
KENJI,SHADE,148,100,248
KENJI,TARA,176,114,290
KENJI,WILLOW,72,47,119
KIT,LILY,368,295,663
KIT,LOU,64,36,100
KIT,MEEPLE,58,38,96
KIT,MICO,152,89,241
KIT,MR. P,166,118,284
KIT,NITA,106,73,179
KIT,PENNY,197,150,347
KIT,ROSA,54,26,80
KIT,TARA,145,110,255
LARRY & LAWRIE,LOLA,24,13,37
LARRY & LAWRIE,MEG,28,14,42
LARRY & LAWRIE,SAM,24,9,33
LARRY & LAWRIE,WILLOW,34,20,54
LEON,LOU,48,25,73
LEON,SPROUT,106,53,159
LEON,TARA,121,83,204
LEON,TICK,343,299,642
LILY,LOU,73,48,121
LILY,LUMI,104,58,162
LILY,MAISIE,89,60,149
LILY,MANDY,529,412,941
LILY,MEEPLE,108,47,155
LILY,MEG,92,45,137
LILY,MELODIE,89,56,145
LILY,MICO,231,122,353
LILY,OLLIE,30,8,38
LILY,PAM,53,33,86
LILY,POCO,126,97,223
LILY,R-T,73,36,109
LILY,RUFFS,29,14,43
LILY,SANDY,183,97,280
LILY,SHADE,102,78,180
LILY,SQUEAK,247,160,407
LILY,TARA,182,123,305
LILY,TICK,659,537,1196
LOLA,MEEPLE,28,14,42
LOLA,MELODIE,19,8,27
LOLA,RICO,56,35,91
LOLA,RUFFS,18,5,23
LOLA,SHADE,56,20,76
LOLA,SPIKE,42,26,68
LOU,MORTIS,168,136,304
LOU,OTIS,29,11,40
LOU,SQUEAK,56,33,89
LOU,TARA,57,38,95
LOU,TICK,101,62,163
LUMI,MICO,78,31,109
LUMI,OLLIE,27,13,40
LUMI,RUFFS,10,3,13
LUMI,SANDY,78,50,128
LUMI,SHADE,101,57,158
LUMI,SPROUT,29,12,41
LUMI,TARA,86,58,144
MAISIE,MORTIS,233,194,427
MAISIE,PENNY,80,58,138
MAISIE,SHADE,76,50,126
MAISIE,SPROUT,41,22,63
MAISIE,TARA,81,41,122
MANDY,MANDY,53,23,76
MANDY,MEEPLE,147,115,262
MANDY,MEG,108,70,178
MANDY,MR. P,370,290,660
MANDY,OTIS,93,56,149
MANDY,PEARL,129,78,207
MANDY,SQUEAK,588,485,1073
MANDY,TARA,259,216,475
MAX,OLLIE,27,9,36
MEEPLE,MELODIE,31,16,47
MEEPLE,MICO,28,16,44
MEEPLE,OLLIE,28,10,38
MEEPLE,PIPER,124,94,218
MEEPLE,SPIKE,78,50,128
MEEPLE,TICK,135,98,233
MEG,MEG,39,16,55
MEG,MICO,19,6,25
MEG,PAM,52,31,83
MEG,R-T,36,9,45
MEG,SQUEAK,64,44,108
MEG,TARA,59,27,86
MEG,TICK,104,72,176
MELODIE,MICO,79,49,128
MELODIE,OTIS,23,9,32
MELODIE,R-T,41,25,66
MELODIE,TARA,48,32,80
MICO,NITA,60,38,98
MICO,SANDY,85,41,126
MICO,SQUEAK,100,54,154
MICO,SURGE,56,32,88
MICO,TICK,292,225,517
MOE,MOE,6,0,6
MOE,RUFFS,8,1,9
MORTIS,MORTIS,171,121,292
MORTIS,MR. P,276,237,513
MORTIS,R-T,124,88,212
MORTIS,SAM,76,56,132
MR. P,MR. P,12,1,13
MR. P,OTIS,39,9,48
MR. P,PIPER,297,239,536
MR. P,SAM,26,14,40
MR. P,SANDY,72,42,114
MR. P,SHADE,57,39,96
MR. P,SPROUT,54,32,86
MR. P,SQUEAK,228,121,349
MR. P,TARA,81,58,139
MR. P,TICK,433,365,798
NANI,NANI,12,4,16
NANI,PIPER,358,296,654
OLLIE,OLLIE,6,0,6
OLLIE,SHADE,75,28,103
OLLIE,SPIKE,34,16,50
OLLIE,SQUEAK,46,21,67
OTIS,POCO,24,12,36
OTIS,SAM,19,5,24
OTIS,SHADE,32,9,41
PAM,PAM,273,56,329
PENNY,SPIKE,206,170,376
POCO,POCO,33,16,49
POCO,R-T,33,20,53
R-T,RICO,69,46,115
R-T,SHADE,52,25,77
R-T,SPIKE,63,40,103
R-T,SQUEAK,66,36,102
R-T,SURGE,55,29,84
R-T,TICK,113,76,189
R-T,WILLOW,32,16,48
RICO,RICO,25,7,32
SAM,SAM,34,17,51
SAM,WILLOW,10,3,13
SANDY,SURGE,122,90,212
SANDY,TARA,136,102,238
SHADE,SQUEAK,121,82,203
SHADE,SURGE,80,56,136
SPIKE,SPIKE,8,1,9
SQUEAK,SQUEAK,15,1,16
SQUEAK,WILLOW,56,36,92
SURGE,TARA,119,70,189
TICK,TICK,73,53,126
